CURVE 0
27.7766900241 21.6589730750 4.23855247789e-07
28.1385552741 21.6588734755 0.376559194515
29.0786820780 21.6586147157 1.35526315250
30.0593215506 21.6583448052 2.38099667246
30.3589114984 21.6582623462 2.69432272871
31.3658324957 21.6579852021 3.74175132094
31.6479947381 21.6579075399 4.03540226123
32.6888925105 21.6576210442 5.09667275533
32.9532769989 21.6575482752 5.36596905614
34.0169513280 21.6572555106 6.44033168186
34.2563861403 21.6571896088 6.68196068843
35.3667296737 21.6568839993 7.75619691705
35.5836203221 21.6568243026 7.96604537148
36.7328051407 21.6565080028 9.04827493094
36.9198870106 21.6564565107 9.22445003136
38.1350389154 21.6561220547 10.3082322592
38.2867584983 21.6560802957 10.4435414011
39.5947176641 21.6557202962 11.5425838545
39.6990541818 21.6556915789 11.6302494397
41.1429656216 21.6552941609 12.7580628967
41.1796797099 21.6552840559 12.7867364682
41.9042495276 21.6550846280 13.2847533337
42.7379952720 21.6548551509 13.8531040597
42.7868062539 21.6548417164 13.8863662638
44.3368714832 21.6544150838 14.7692921804
44.4790803554 21.6543759429 14.8491183696
45.8442131173 21.6540002117 15.4485074414
46.0096215194 21.6539546857 15.5175222138
47.1522824992 21.6536401875 15.8825427634
47.2654560876 21.6536090384 15.9167458216
48.3572577775 21.6533085396 16.1281522861
48.4272955435 21.6532892629 16.1410241375
49.5421327797 21.6529824250 16.2341234978
49.5750647596 21.6529733611 16.2366470390
50.7386196902 21.6526531156 16.2129426958
50.7440720332 21.6526516149 16.2128224511
51.2315215316 21.6525174545 16.1463248063
51.9440767951 21.6523213385 16.0480845199
51.9521092937 21.6523191277 16.0469769400
53.2046639483 21.6519743892 15.7370617003
53.2122757406 21.6519722942 15.7351785040
54.0592801197 21.6517391753 15.4384603410
54.5433354356 21.6516059500 15.2683503214
54.5484338051 21.6516045468 15.2661034447
55.9362239187 21.6512225900 14.6458225225
55.9648261516 21.6512147179 14.6307707058
57.3768621824 21.6508260890 13.8806087393
57.4322263783 21.6508108514 13.8481076869
58.8511138986 21.6504203374 13.0101348696
58.9325811093 21.6503979156 12.9589701432
60.3378571907 21.6500111484 12.0726714743
60.4435052501 21.6499820714 12.0041183667
60.7850361830 21.6498880736 11.7816120572
61.8232877896 21.6496023209 11.1051944592
61.9510511657 21.6495671572 11.0217868200
63.2986601953 21.6491962617 10.1395137781
63.4470502753 21.6491554211 10.0442091092
64.7596389869 21.6487941639 9.19840345602
64.9287883019 21.6487476098 9.09364802592
66.2083456162 21.6483954434 8.29778233722
66.3997946904 21.6483427518 8.18538207982
67.6526927671 21.6479979224 7.44681143560
67.8695127272 21.6479382479 7.32772203727
69.1080455354 21.6475973718 6.64545288398
69.3539126521 21.6475297028 6.52119026432
70.5969397990 21.6471875892 5.8884198422
70.8720610855 21.6471118686 5.76198117502
72.1524356105 21.6467594755 5.17275148778
72.4499270171 21.6466775979 5.05205630592
73.8041640547 21.6463048753 4.50115946501
74.0996842846 21.6462235401 4.39341998751
75.5547140109 21.6458230761 3.86384735301
75.8141272168 21.6457516784 3.77855604372
77.3851670566 21.6453192848 3.26466842104
77.5772245789 21.6452664253 3.20732842297
79.2633187026 21.6448023651 2.70578687573
79.3742419448 21.6447718359 2.67541721778
81.1753469295 21.6442761212 2.18520670527
81.1998975411 21.6442693642 2.17896958815
81.6921740195 21.6441338758 2.05451434924
83.0928448386 21.6437483716 1.69678907482
83.1589485490 21.6437301780 1.68090850492
84.9978825757 21.6432240511 1.23911533595
86.6052578282 21.6427816557 0.868211032994
86.8667685527 21.6427096805 0.807874461509
87.0944206342 21.6426470241 0.756966323547
88.6943380818 21.6422066812 0.399337995285
88.9887758032 21.6421256435 0.335077929002
90.5238442061 21.6417031489 4.23855252618e-07
CURVE 1
50.0142396435 0.209385559131 4.23855253118e-07
50.0144297291 0.899931860442 0.87492643323
50.0144847242 1.09971919357 1.1297962103
50.0146784841 1.80361365596 2.02297666002
50.0147361967 2.01327289789 2.29199823336
50.0149394836 2.75177733055 3.22167989515
50.0150020932 2.97922658336 3.51465130220
50.0152170712 3.76020287014 4.48351109512
50.0152877841 4.01709020023 4.80876593348
50.0153783237 4.34600449547 5.20747828034
50.0155953656 5.13448012135 6.14722348183
50.0157100344 5.55105232024 6.63517135563
50.0159244396 6.32995030100 7.52642825623
50.0160848922 6.91284816433 8.17443033091
50.0162794238 7.61955024231 8.93666011465
50.0165210893 8.49748325569 9.84136268893
50.0166631752 9.01366000515 10.3485624593
50.0170445517 10.3991464570 11.6159445439
50.0170796861 10.5267850775 11.7276429411
50.0171829268 10.9018453770 12.0202521228
50.0175482169 12.2288989346 13.0169470152
50.0177691377 13.0314798062 13.5178643058
50.0180605769 14.0902467999 14.1576180259
50.0185449811 15.8500421668 14.9840581814
50.0186095492 16.0846123094 15.0893108742
50.0186610911 16.2718601543 15.1477536292
50.0191809846 18.1605942670 15.7351567998
50.0194413103 19.1063414343 15.9132431236
50.0196905254 20.0117244494 16.0845173964
50.0198799530 20.6999057164 16.1450149920
50.0201506476 21.6833255355 16.2302201434
50.0204242517 22.6773182538 16.2302258291
50.0206001625 23.3163947764 16.2302243097
50.0208703356 24.2979255677 16.1451794181
50.0210604849 24.9887320272 16.0844465439
50.0213087065 25.8905163393 15.9137945283
50.0215706304 26.8420808906 15.7344887277
50.0220964702 28.7524536400 15.1400900637
50.0221426331 28.9201632277 15.0877159553
50.0221999183 29.1282808621 14.994295097
50.0223025386 29.5011017729 14.8190977948
50.0226918117 30.9153356370 14.1545160871
50.0229898920 31.9982697448 13.4994548296
50.0232045092 32.7779801365 13.0124009697
50.0235569998 34.0585938738 12.0500876838
50.0236727422 34.4790913658 11.7218058105
50.0237122772 34.6227245087 11.5960126157
50.0240893318 35.9925871750 10.3418755094
50.0242352408 36.5226848496 9.82071244314
50.0244731601 37.3870633937 8.92978651263
50.0246709573 38.1056765865 8.15441398244
50.0248280509 38.6764106089 7.51963735252
50.0250451026 39.4649785822 6.61696097247
50.0251569244 39.8712374087 6.14102876070
50.0253761727 40.6677867732 5.19147034959
50.0254642562 40.9878023783 4.80357906642
50.0255328910 41.2371598180 4.48757184345
50.0257496515 42.0246718666 3.51066135785
50.0258103599 42.2452317094 3.22660786494
50.0260152646 42.9896713576 2.28930030754
50.0260712085 43.1929211687 2.02860300608
50.0262664611 43.9022936321 1.12852624808
50.0263197064 44.0957394035 0.881847623669
50.0265112685 44.7917039232 4.23855249565e-07
CURVE 2
62.3942595520 44.5922754325 4.23855251341e-07
62.7911463452 43.8798384955 0.472727394938
63.2305516951 43.1232879746 0.996097695049
63.4367463553 42.7386412919 1.2416936152
64.0285213552 41.5050256193 1.94654952898
64.4151151037 40.6572723116 2.40701658139
64.7565232676 39.8166276315 2.81366364055
65.2536308226 38.5351481475 3.40576232702
65.3884543617 38.1519329218 3.56634898406
65.5891922966 37.5312842125 3.80544546613
65.9005987042 36.6121325780 4.17635780301
66.1184468091 35.8961128351 4.43583399801
66.3243054143 35.1928465435 4.68102964750
66.4514043045 34.7072805420 4.83241557046
66.7027431551 33.8135792308 5.13178218016
66.9733908059 32.6952156035 5.45414726420
67.0377015562 32.4467719035 5.53074700699
67.2218868676 31.6256466941 5.75012786338
67.3443802006 31.0801563094 5.89602816391
67.5635026346 30.0066726664 6.15702219685
67.6179490769 29.7161241372 6.22187268388
67.7792102086 28.7993053516 6.41394883237
67.8494942122 28.3728331758 6.49766324378
67.9684684536 27.5611174769 6.63937199791
68.0393054222 27.0497597644 6.72374503917
68.1251404502 26.3022797808 6.82598208445
68.1860870756 25.7420159612 6.89857485979
68.2430841923 25.0282596519 6.96646342422
68.2877402545 24.4412226745 7.01965271038
68.3165366616 23.7417093919 7.05395175691
68.3405883314 23.1425309569 7.08259940519
68.3404323315 22.4446256942 7.08241359637
68.3402936533 21.8443434387 7.08224841921
68.3161783129 21.2488904658 7.05352493500
68.2869507236 20.5458847402 7.01871231413
68.2426525109 19.9662859783 6.96594925934
68.1849388613 19.2458429637 6.89720724309
68.1250610425 18.6967499068 6.82588751140
68.0380449781 17.9403525802 6.72224374985
68.0186486928 17.8004451807 6.69914107347
67.9691001648 17.4430465562 6.64012443255
67.8487788380 16.6219855178 6.49681118334
67.7810561773 16.2110483113 6.41614755685
67.6181860726 15.2853822431 6.22215498255
67.5657214691 15.0052027098 6.15966504
67.3462201620 13.9286475715 5.89821973826
67.2263035069 13.3941105418 5.75538848815
67.0407441679 12.5658938850 5.53437104621
66.9780047751 12.3233783013 5.45964292863
66.7063125344 11.2000119559 5.13603364888
66.4620232535 10.3312411076 4.84506369671
66.3284032628 9.82062969315 4.68591057246
66.1072784899 9.06668126123 4.42253158024
65.9046635265 8.40156591528 4.18119939408
65.6204625904 7.56349388264 3.84269116096
65.3937572956 6.86300829343 3.57266527791
65.2397921521 6.42610848668 3.38927929254
64.7622808716 5.19711662114 2.82052149004
64.3988977816 4.30488259389 2.38770036902
64.0331911269 3.50515442443 1.95211167850
63.4186595627 2.22667950105 1.22015070410
63.2331990087 1.88137618364 0.999250923287
62.8319624240 1.19174220292 0.521342970785
62.3942595109 0.407886976549 4.23855252674e-07