CURVE 0
47.8512866810 17.4397357616 1.55431223448e-15
47.7751465613 17.4555025748 1.16325457683
47.6969153113 17.4717024114 2.15738745540
47.3280141181 17.5480931004 4.17986376417
47.1702342444 17.5807655706 4.94769574584
46.3383363784 17.7530318909 7.28925391318
46.2059875630 17.7804381920 7.62978437279
44.9913472920 18.0319613879 9.58410364467
44.7002865946 18.0922331561 10.0592451068
44.6463908798 18.1033936805 10.1161519607
42.7252243226 18.5012217156 12.0805836284
42.5371841284 18.5401603806 12.2095889760
40.4434347767 18.9737262198 13.6651938914
40.2806059971 19.0074441987 13.7411980834
37.9793523669 19.4839792532 14.8685157629
37.9508269154 19.4898861977 14.8779346333
37.6326791670 19.5557670518 14.9922083998
35.5866948900 19.9794418767 15.7238933526
35.3973751263 20.0186455102 15.7959524437
33.1990956738 20.4738570544 16.3590264904
32.7195234486 20.5731650896 16.4925089805
30.7929469315 20.9721133991 16.8265785617
29.9534289485 21.1459576649 16.9876206772
28.3532341466 21.4773200610 17.1401567249
27.1005323099 21.7367249046 17.2721049847
25.9105592166 21.9831401130 17.3107199135
24.1523498470 22.3472235789 17.3872625044
23.4538338256 22.4918696822 17.3681841625
21.0767579483 22.9841057260 17.3276349182
21.0141789172 22.9970643593 17.3227774243
20.8804887558 23.0247484214 17.3132883333
18.9111771973 23.4325461445 17.1530806211
17.8357003589 23.6552518937 17.0901727136
16.7237180479 23.8855170606 16.9453248925
15.3387688096 24.1723072049 16.7826846303
14.1603970053 24.4163200614 16.6374236225
12.6868456594 24.7214576011 16.3972012824
10.7693250027 25.1185306567 16.0542918743
9.09993580543 25.4642215712 15.6943897226
7.55340069296 25.7844723182 15.3576919043
6.48856620043 26.0049742899 15.1142040187
4.59344914080 26.3974080918 14.6134309933
2.08663153234 26.9165105714 13.9026686733
1.67579549510 27.0015849720 13.7820070083
1.41300335487 27.0560029924 13.7030854353
-0.997645162788 27.5551911338 12.8831761789
-2.84432129554 27.9375939685 12.2162442242
-3.65948327311 28.1063946832 11.9039399083
-5.45605712466 28.4784225235 11.1429963455
-6.28170551302 28.6493947252 10.7765245661
-6.61028870175 28.7174365115 10.6144950307
-8.78293755450 29.1673405663 9.52094938016
-9.73779149101 29.3650681730 8.91189947720
-11.1540404159 29.6583397401 8.03553209984
-12.2308710028 29.8813258185 7.06719003206
-13.2235488519 30.0868858605 6.18760094260
-14.0487887593 30.2577734754 4.87053929450
-14.6758715870 30.3876274583 3.87442238572
-15.0839203530 30.4721246812 2.31316686343
-15.2778104025 30.5122747125 1.21149220644
-15.2592839287 30.5084383191 0.784693274901
-15.2252219892 30.5013848992 0.0
CURVE 1
27.1886785019 -11.6433005357 2.77555756156e-15
27.1956424463 -11.6947879200 0.525129951243
27.1971978503 -11.7062876798 0.668035315475
27.1012855574 -10.9971675524 3.55989125256
27.0924300003 -10.9316946753 3.81730530475
26.9263055195 -9.70346616137 6.03275440613
26.9153026922 -9.62211760770 6.17948897390
26.8758487655 -9.33041804938 6.69895755145
26.7381134033 -8.31208229065 7.92137459319
26.7015068918 -7.88367312959 8.43478121211
26.6415480111 -7.18196917846 9.27415508279
26.5454122495 -6.05688407132 10.2929155591
26.5340869459 -5.92434306687 10.4129309571
26.4266555902 -4.66706464764 11.5588906390
26.3883762360 -4.21907806396 11.8824362279
26.3170951875 -2.27353221651 13.2792687408
26.3156692294 -2.23461209791 13.3070362302
26.3031779884 -1.89367600710 13.5502764780
26.2667380209 -0.89908306787 14.1235476035
26.2368984222 -0.0846406817436 14.5741730387
26.2447015322 0.611890069724 14.9580610349
26.2498396498 1.07053501395 15.2133992879
26.2570600784 1.71505375069 15.4854562662
26.2709154388 2.95182788540 16.0075094118
26.2836799622 4.09123039246 16.4996419229
26.2853424336 4.11984233022 16.5118852555
26.3563994936 5.34276871922 16.8806690893
26.3812820031 5.77100874874 17.0107627588
26.4613954545 7.14980001485 17.4296213495
26.4981706740 7.78271933804 17.5447736406
26.5287227631 8.30853557587 17.6392831988
26.6975045539 9.92999738581 17.9192347639
26.7158455348 10.1061964878 17.9496562108
26.7329298819 10.2703232949 17.9609670139
26.8428418668 11.3262315481 18.0329763460
26.9720249176 12.5672740936 18.1035126438
26.9963849647 12.7305508787 18.1119211545
27.0278291782 12.9413103280 18.1194623835
27.2172946164 14.2112301911 18.0691601323
27.3562275585 15.1424485944 18.0322740393
27.4226643401 15.5877508585 18.0074312435
27.6135883331 16.8674468994 17.8729278066
27.7093940673 17.3627317867 17.8176719841
27.8320211316 17.9966743399 17.7328757383
27.9477601348 18.5950078291 17.6267569689
27.9731141048 18.7260797141 17.6035104227
28.2605845712 20.2122097333 17.3715172431
28.4534091949 21.2090511322 17.1723149472
28.4722165971 21.2888518018 17.1558925673
28.7211966854 22.3452857319 16.9490309598
29.0155378764 23.5941889000 16.6776131257
29.0814480088 23.8738486138 16.6168360889
29.2280189947 24.4957560272 16.4884996375
29.4303760529 25.3543663025 16.3106027231
29.7549187601 26.5317971013 16.0608725028
29.7880567149 26.6520205657 16.0371962217
29.9467115254 27.2276152600 15.9283048416
30.0581818847 27.6320262398 15.8458311172
30.3919465706 28.8429140889 15.5988881911
30.5039452801 29.2492419067 15.5272392800
30.5613746643 29.4575939178 15.4942096491
31.0729173523 31.0859690503 15.235757085
31.2517534849 31.6552515715 15.1587816149
31.3206283888 31.8744985345 15.1291361622
31.8170731854 33.4548131013 14.9445607963
31.8356399536 33.5139160156 14.9388742756
32.1634346685 34.4471714096 14.8501375257
32.5948262857 35.6753747188 14.7581412420
32.6981813132 35.9696339994 14.7361002981
33.2426605225 37.5198059082 14.6550442867
33.3198220232 37.7192572296 14.6450624778
33.6306336058 38.5226602256 14.5896356181
34.0714926545 39.6622171161 14.5341907601
34.4991702203 40.7677017791 14.4804036779
34.5990335985 41.0258341712 14.4646060706
34.7633399963 41.4505424500 14.4365824368
35.0886046853 42.2241152322 14.3881043739
35.6300716407 43.5118790551 14.3030178340
35.6601814782 43.5834888901 14.2982863506
35.7725930952 43.8508359779 14.2671522759
36.3328247070 45.1832275391 14.1090529954
36.8120071853 46.2419834175 13.9854615387
37.0687912219 46.8093489213 13.8498036108
37.2716706282 47.2576118979 13.7442380479
38.0347251892 48.9435844421 13.3471928984
38.0381308368 48.9506174266 13.3455374184
38.2894268252 49.4695674159 13.1073575797
39.0092080366 50.9559837106 12.4486713693
39.2918085589 51.5395805237 12.1900579683
39.4392827279 51.8441286342 11.9208604952
39.8690376282 52.7316131592 11.1707334860
40.3811411921 53.7251605241 10.3205887585
40.4229365044 53.8062488533 10.1962532175
40.7643645473 54.4686635605 9.22892588667
40.8569842430 54.6483577885 8.96651755537
41.1739669242 55.2633453219 8.04585523526
41.2076637237 55.3287214854 7.95179013962
41.7096225451 56.3025867333 5.52043709547
41.7652782523 56.4105660272 5.24781844616
41.8357620239 56.5473136902 4.61256276684
42.0425647570 56.9259543915 2.83014081875
42.0887256381 57.0104715937 2.42419571158
42.2016928811 57.2173063657 0.0428663994972
42.2034320668 57.2204906875 -3.5527136788e-15
CURVE 2
19.9821629119 61.0056417889 0.0
19.9650656429 60.9863163356 0.193550544206
19.6729396133 60.6561192752 3.12008087259
19.5718046037 60.5418039473 3.50635687993
19.5563806940 60.5243699321 3.56526710566
18.8683564206 59.7466795877 6.02857245345
18.2727336884 59.0734329224 6.83592493632
18.0759392397 58.8266315630 7.14116256857
17.3738250555 57.9461050223 8.21139440485
16.2883468140 56.5847988097 8.70118339826
15.0611709129 55.0457885243 8.99938150002
14.9024448049 54.8467289497 9.03795121450
13.3516124521 52.9018187379 8.94649056574
13.1543073654 52.6543769836 8.92215727913
11.6208708357 50.5624105894 8.76363426813
11.2295567192 50.0285665305 8.72318114810
11.0871193929 49.8342486737 8.69988170616
11.0191781528 49.7415609176 8.69237475235
10.7842741013 49.4210968018 8.65357378925
9.58851149332 47.6896696038 8.46858511146
9.29762775011 47.2684789585 8.44342808206
8.97350982847 46.7991662528 8.41539680059
8.54035949707 46.1719779968 8.3599793939
8.15561871502 45.5788319838 8.31623918817
7.11967470445 43.9817409338 8.29349829360
7.11728995626 43.9780644224 8.29344594395
6.80410353065 43.4952321146 8.28188937570
6.42256593704 42.9070243835 8.30174680851
5.89142438812 42.0321005301 8.34377568802
5.48328820771 41.3597974870 8.36567969553
5.36220809563 41.1603480587 8.38961084103
5.09181047191 40.7149350961 8.44371375213
4.43089199066 39.6262359619 8.57595461040
4.15678509724 39.1418608533 8.64078710444
3.79352326126 38.4999397799 8.77691497552
3.69294115943 38.3222008479 8.81460687165
2.87812847720 36.8823429278 9.15203392527
2.56533741951 36.3296089172 9.32001200649
2.09360997315 35.4312818488 9.60343180415
1.91972689215 35.1001502185 9.71677027394
1.64370973191 34.5745210903 9.89668060449
0.825903058052 33.0171432495 10.4817027562
0.55589052417 32.4601026084 10.6971319491
0.35496271241 32.0455849730 10.8639438577
0.158020961001 31.6392906506 11.0308878371
-0.787411570549 29.6888465881 11.8323139844
-0.949537246 29.3242874422 11.9860310489
-1.16937504099 28.8299556310 12.1919479726
-1.47539220604 28.1418391065 12.4629970187
-2.27460646629 26.3447093964 13.1708862731
-2.31347639484 26.2487544499 13.2096564904
-2.89900135401 24.8033178814 13.7133524344
-2.96833651497 24.6321559599 13.7648907506
-3.55060877068 23.1947490689 14.1977062406
-3.63568139076 22.9847373962 14.2429623390
-4.31132357452 21.1378382377 14.6629291833
-4.38267103329 20.9428066593 14.7072774609
-4.66400184952 20.1737758613 14.8120164848
-4.87063646317 19.6089305878 14.7950977025
-5.49493427166 17.6993620863 14.7635228965
-5.53293097086 17.5831398299 14.7616011560
-5.62220748428 17.3100656406 14.7378265171
-5.97947168350 16.2172851563 14.4622039903
-6.36108515633 14.8940735139 14.1497760560
-6.46775265293 14.5242132144 14.0391400241
-6.52363030632 14.3304622942 13.9464302910
-6.96218729019 12.8098039627 13.2187959243
-6.96640117285 12.7929635104 13.2110798134
-7.21660768680 11.7930327550 12.7165929348
-7.40571807852 11.0372678715 12.1689899905
-7.70762674460 9.83071351063 11.2947594792
-7.81878280640 9.38648700714 10.9724439173
-7.83690398077 9.30117074809 10.9128643270
-7.96731328789 8.68719099163 10.3010298816
-8.15002825413 7.82695108269 9.37970481876
-8.29333398207 7.15225371727 8.65709757147
-8.45257539465 6.40252959192 7.43202470576
-8.54925918579 5.94733285904 6.67366042459
-8.62381933017 5.52108639365 5.98669366015
-8.73891114705 4.86312790183 4.02316410545
-8.78971143344 4.57271212141 3.15648334202
-8.79894323673 4.51993562060 2.98551172151
-8.80082505195 4.50917763328 2.27928310840
-8.80119837305 4.50704342609 2.13917900327
-8.80077528845 4.50946212199 -8.881784197e-16
