CURVE 0
29.2352742109 61.4039194196 0.0
29.2334744553 61.4005427489 0.145766049258
29.2188858264 61.3731718119 0.852685514569
29.2164993286 61.3686943054 0.886115725544
29.0987580609 61.1530630948 2.49825325589
29.0460893598 61.0566057015 3.21940388780
29.0143852234 60.9985427856 3.58627042800
28.9918403977 60.9582478574 3.84128267667
28.9063634668 60.8054728111 4.34597958881
28.8106956482 60.6344833374 4.91084840382
28.7081989285 60.4557383842 5.50225690933
28.6054306030 60.2765197754 6.09523258626
28.5569533642 60.1940514741 6.36853176670
28.5082462778 60.1111921618 6.60728211910
28.4912580412 60.0822921864 6.69055434430
28.3985881805 59.9246444702 6.92282928328
28.3032559775 59.7664836245 7.15631533344
28.1901702881 59.5788688660 7.43328292771
28.0964376557 59.4272474066 7.65756664778
28.0226621065 59.3079084299 7.83409699995
27.9801750183 59.2391815186 7.93046704934
27.8879376620 59.0937474452 8.13450374195
27.7686042786 58.9055900574 8.39847909673
27.6778004137 58.7660710660 8.59432323733
27.5554561615 58.5780906677 8.85819311753
27.4660834883 58.4443154701 9.04608015163
27.4537886108 58.4259121975 9.07192751627
27.3407325745 58.2566871643 9.19058878917
27.2514019615 58.1264648513 9.28190454358
27.1244335175 57.9413757324 9.41169453227
27.0350590863 57.8145317966 9.50064465656
26.9065570831 57.6321563721 9.62853659385
26.8171385699 57.5086443161 9.71515364797
26.6871032715 57.3290290833 9.84111497391
26.5976409936 57.2088047144 9.92542990314
26.4660739899 57.0319976807 10.0494269985
26.3765672746 56.9150144462 10.1314724021
26.3493245206 56.8794087882 10.1564441905
26.2434692383 56.7410583496 10.2467349849
26.1538317236 56.6271658703 10.3210066982
26.0192871094 56.4562149048 10.4324874665
25.9295063117 56.3453576700 10.5047217607
25.7935295105 56.1774597168 10.6141236431
25.7204656662 56.0898289566 10.6711756099
25.7035538599 56.0695454025 10.6773105002
25.5661945343 55.9048004150 10.7271386723
25.4754104071 55.7990834090 10.7589751991
25.3372840881 55.6382369995 10.8074138677
25.2456940186 55.5347313758 10.8384428102
25.1067981720 55.3777656555 10.8854980341
25.0144032873 55.2764866035 10.9157141940
24.9406133095 55.1956014005 10.9398459387
24.8747329712 55.1233863831 10.9542305276
24.7814152563 55.0242179322 10.9736792955
24.6410942078 54.8750991821 11.0029242413
24.5467969091 54.7780055615 11.0216524360
24.4058780670 54.6329078674 11.0496400407
24.3106032901 54.5379124347 11.0676409553
24.1690845490 54.3968086243 11.0943790580
24.0728353048 54.3039357359 11.1116457859
23.9307155609 54.1668014526 11.1371414972
23.8334942422 54.0760764964 11.1536667597
23.8047404799 54.0492440706 11.1585542007
23.6907711029 53.9428901672 11.1765037406
23.5925597657 53.8543156047 11.1910555465
23.4492492676 53.7250671387 11.2122896179
23.3500481942 53.6386688903 11.2260737268
23.3398873154 53.6298193678 11.2274855931
23.2061519623 53.5133438110 11.2321539851
23.1057809426 53.4289877121 11.2349364561
22.9614772797 53.3077087402 11.2389368216
22.9202913349 53.2743353199 11.2397861689
22.8598944617 53.2253950749 11.2361445727
22.7152271271 53.1081695557 11.2274219354
22.6123207356 53.0278437567 11.2208184446
22.4673995972 52.9147224426 11.2115188726
22.3631761576 52.8364299230 11.2044319357
22.2179965973 52.7273712158 11.1945600835
22.1124621104 52.6511531564 11.1869853296
21.9670181274 52.5461120605 11.1765460655
21.8601780653 52.4720101844 11.1684789652
21.7144622803 52.3709449768 11.1574765020
21.6063231776 52.2990015793 11.1489126277
21.4603290558 52.2018737793 11.1373508959
21.3508985239 52.1321252323 11.1282867706
21.2046203613 52.0388908386 11.1161705579
21.0939054857 51.9713806270 11.1066016903
20.9473361969 51.8820075989 11.0939339966
20.8353434998 51.8167683334 11.0838572191
20.6884746552 51.7312126160 11.0706423870
20.5752125777 51.6682840783 11.0600539157
20.5477075771 51.6530022691 11.0574825704
20.4280376434 51.5865135193 11.0388026797
20.3133951622 51.5258670283 11.0205277459
20.1660232544 51.4479064941 10.9970354781
20.0499935122 51.3895746753 10.9781596572
19.9024333954 51.3153915405 10.9541544471
19.7850219197 51.2594153594 10.9346738816
19.6372661591 51.1889724731 10.9101586818
19.5184804100 51.1353885063 10.8900704961
19.3705234528 51.0686454773 10.8650490870
19.2503694679 51.0174926794 10.8443497891
19.1994007414 50.9957939153 10.8355692492
19.1022033691 50.9544143677 10.8185843628
18.9806847157 50.9057237773 10.7969769227
18.8323078156 50.8462715149 10.7705937716
18.7094308929 50.8000816231 10.7483721022
18.5608367920 50.7442245483 10.7214996114
18.4366084187 50.7005698462 10.6986610379
18.2877883911 50.6482734680 10.6713014497
18.1622165199 50.6071839426 10.6478441056
18.0131626129 50.5584106445 10.6200002203
17.8862572039 50.5199222202 10.5959219678
17.7369632721 50.4746437073 10.5675958546
17.6087301793 50.4387878200 10.5428941740
17.5594426319 50.4250062858 10.5333998599
17.4591846466 50.3969726563 10.5086933661
17.3295284090 50.3637490310 10.4764069953
17.1798305511 50.3253898621 10.4391299569
17.0487360157 50.2948306870 10.4061498274
16.8989009857 50.2599029541 10.3684550548
16.7663750127 50.2320404230 10.3347795073
16.6163940430 50.2005081177 10.2966685532
16.4824455549 50.1753769815 10.2622962172
16.3323116302 50.1472091675 10.2237705587
16.2720219493 50.1372458938 10.2081505350
16.1969564150 50.1248408114 10.1895581562
16.0466537476 50.1000022888 10.1523308967
15.8961810177 50.0784637189 10.1146386968
15.7594175339 50.0588874817 10.0803805520
15.6087350124 50.0406169629 10.0422167904
15.4706058502 50.0238685608 10.0072324513
15.3197046255 50.0088366194 9.96859847819
15.1802177429 49.9949417114 9.93288682319
15.0290891266 49.9831218223 9.89378367407
14.8882532120 49.9721069336 9.85734366752
14.7368887746 49.9634735265 9.81777232627
14.5947132111 49.9553642273 9.78060324058
14.4431027935 49.9498946448 9.74056385619
14.4252617387 49.9492510009 9.73585214269
14.2995958328 49.9447174072 9.69687510447
14.1478461821 49.9423877950 9.64946071877
14.0029020309 49.9401626587 9.60417272070
13.8510124324 49.9409474622 9.55637063658
13.7046327591 49.9417037964 9.51030261399
13.5525933763 49.9455723353 9.46211312754
13.4047861099 49.9493331909 9.41526502720
13.2525887804 49.9562635087 9.36668799752
13.1033639908 49.9630584717 9.31905971747
12.9509988635 49.9730256966 9.27009479497
12.8003654480 49.9828796387 9.22168638521
12.6478228925 49.9958579595 9.17233339329
12.4957904816 50.0087928772 9.12314545144
12.3430606074 50.0247593798 9.07340381206
12.1896390915 50.0407981873 9.02343691617
12.0367117568 50.0597309284 8.97330586513
11.8819112778 50.0788955688 8.92256077939
11.7287760999 50.1007754629 8.87203916151
11.5726070404 50.1230888367 8.82051662007
11.4515936156 50.1426629109 8.78034040385
11.4192680950 50.1478916047 8.76806233797
11.2617263794 50.1733741760 8.70822393406
11.1083024162 50.2010568443 8.64943032594
11.0949445558 50.2034670363 8.64431145926
10.9492692947 50.2297515869 8.58568440534
10.7958113543 50.2602803438 8.52338777550
10.7618521455 50.2670361521 8.50960195083
10.6352367401 50.2922248840 8.45518032170
10.4818067296 50.3255571216 8.38873836472
10.3196268082 50.3607902527 8.31850731066
10.1662297898 50.3968960402 8.25158971274
10.0024414063 50.4354476929 8.18013900713
9.84907262487 50.4743011603 8.11274844903
9.68367862701 50.5162010193 8.04007398606
9.53033500580 50.5577732881 7.97221434121
9.36334037781 50.6030464172 7.89831367252
9.21001727067 50.6473111333 7.82998775006
9.04142570496 50.6959838867 7.75485769001
8.88811875053 50.7429153711 7.68606829254
8.71793460846 50.7950134277 7.60970603855
8.56463928143 50.8445884721 7.54045546861
8.39286708832 50.9001388550 7.46285804602
8.23957868444 50.9523331110 7.39314873644
8.06622314453 51.0113601685 7.31431371244
7.91293677220 51.0661464043 7.24414853005
7.7380027771 51.1286697388 7.16407438199
7.63376457792 51.1676742498 7.11605238415
7.58482447686 51.1859869674 7.0825034839
7.40820598602 51.2520751953 6.96142984481
7.25577628813 51.3116433698 6.85594941862
7.07683324814 51.3815727234 6.73212192054
6.92516925591 51.4433378242 6.62619655679
6.74388408661 51.5171661377 6.49958313181
6.59300318070 51.5810687503 6.39324540789
6.40935850143 51.6588478088 6.26381645805
6.25927809490 51.7248369663 6.15709566992
6.11977548221 51.7861751523 6.05789665310
6.07325649261 51.8066291809 6.02465058521
5.92400124616 51.8746401854 5.91705564075
5.73557806015 51.9604988098 5.78122535864
5.58717086635 52.0304758968 5.67332863462
5.39632368088 52.1204643250 5.53457669426
5.24878173428 52.1923487471 5.42641034736
5.05549240112 52.2865219116 5.28470555393
4.90883374908 52.3602564443 5.17630161371
4.89369027546 52.3678700213 5.16510819152
4.71308517456 52.4586715698 4.90550191320
4.56971674183 52.5329622645 4.69737528743
4.36910152435 52.6369171143 4.40614403452
4.22921426378 52.7115395074 4.20109493367
4.22404420432 52.7142974584 4.19351657349
4.02354192734 52.8212547302 3.87622344381
3.88763378779 52.8958102573 3.65888867556
3.67640542984 53.0116844177 3.32110709475
3.54458011245 53.0859778043 3.10812599890
3.32769274712 53.2082099915 2.75771600439
3.20004808422 53.2820435140 2.54940348453
3.19993198720 53.2821106680 2.54921401743
2.97740387917 53.4108276367 1.58533032993
2.86373849898 53.4782485216 1.08769216682
2.63663241516 53.6129570239 0.0933994965824
2.62553858757 53.6195373535 0.0448296332218
2.61540599434 53.6256954772 -8.881784197e-16
CURVE 1
-7.30061931486 43.7126472592 -1.7763568394e-15
-7.25543858637 43.6511653298 0.170651868782
-7.14907646179 43.5064277649 0.572391635516
-6.98106350974 43.2713467784 1.21668923155
-6.95187045043 43.2305003252 1.32863904079
-6.87160253525 43.1181907654 1.63645117170
-6.77437855953 42.9781865846 2.01525590943
-6.71467270212 42.8922091332 2.21721850959
-6.67755516370 42.8387592457 2.34277326914
-6.60280466080 42.7311172485 2.46798298234
-6.45319189965 42.5091538233 2.72305179888
-6.34268236160 42.3452033997 2.91145509328
-6.19980191482 42.1265723636 3.15960228814
-6.09123659134 41.9604492188 3.34815279374
-5.95495200302 41.7451109819 3.58949952440
-5.84846735001 41.5768585205 3.77807347240
-5.77235134003 41.4525103286 3.91566051670
-5.71861343839 41.3647205074 4.00792853809
-5.61437368393 41.1944274902 4.18690828241
-5.50166258369 41.0037879303 4.38461737705
-5.49069344402 40.9852347270 4.39855644612
-5.38895606995 40.8131561279 4.52783953741
-5.27075006897 40.6058537905 4.68166647129
-5.17221450806 40.4330482483 4.80989535212
-5.05942447403 40.2276245732 4.96041361442
-4.96414899826 40.0541000366 5.08755870463
-4.85671681313 39.8505453992 5.23479863004
-4.76475954056 39.6763114929 5.36082959493
-4.73066634289 39.6089833221 5.40889584018
-4.66265756438 39.4746777429 5.51076920070
-4.57404661179 39.2996864319 5.64350346999
-4.47726483763 39.1000669243 5.79295703897
-4.39200925827 38.9242210388 5.92461148241
-4.3004818223 38.7266034448 6.07061209870
-4.21965776408 38.5520955963 6.19953914867
-4.21864795685 38.5499153137 6.20084075975
-4.13218973183 38.3540185379 6.3163709791
-4.05396318436 38.1767730713 6.42090157971
-4.01257795975 38.0793720013 6.47781185976
-3.97487401962 37.9906349182 6.52965987585
-3.93471409705 37.8936056096 6.58599853275
-3.89795398712 37.8047904968 6.63756773629
-3.85901466883 37.7081292603 6.69333796502
-3.82826768462 37.6318043106 6.73737485156
-3.82320308685 37.6192321777 6.74544458880
-3.78549300989 37.5229777176 6.80685375061
-3.75062108040 37.4339675903 6.86364111710
-3.71414389253 37.3381419920 6.92440268112
-3.68020820618 37.2489929199 6.98093076071
-3.64495751240 37.1535940273 7.04104805181
-3.61196422577 37.0643043518 7.09731551222
-3.57793385172 36.9693359118 7.15678882397
-3.54588937759 36.8799095154 7.21279147020
-3.51307300069 36.7853693583 7.27162410881
-3.48198366165 36.6958045959 7.32736054350
-3.45037481408 36.6016925216 7.38555488065
-3.42024683952 36.5119895935 7.44102281584
-3.38983915224 36.4183073459 7.49858021573
-3.36067891121 36.3284683228 7.55377637839
-3.33146611113 36.2352117963 7.61070109851
-3.30328011513 36.1452331543 7.66562496510
-3.27525566702 36.0524040980 7.72191842553
-3.24805021286 35.9622879028 7.77656675086
-3.22120779471 35.8698880288 7.83223031521
-3.19498944283 35.7796363831 7.88659974308
-3.16932258871 35.6876616153 7.94163772178
-3.15707332124 35.6437675126 7.96790408534
-3.14477533878 35.5996988443 7.99490449506
-3.14409780502 35.5972709656 7.99650130645
-3.13806917661 35.5747426256 8.01122651437
-3.11960352473 35.5057384586 8.05294730592
-3.09537506104 35.4151992798 8.10768843773
-3.07204541514 35.3241006214 8.16245701003
-3.04882121086 35.2334136963 8.21697804806
-3.02664969376 35.1427529941 8.27117325297
-3.00443649292 35.0519218445 8.32547034803
-2.98341643251 34.9616974510 8.37909502880
-2.96222090721 34.8707199097 8.43316734142
-2.94234547231 34.7809320929 8.48622338230
-2.92217421532 34.6898078918 8.54006909893
-2.90343676859 34.6004569140 8.59255832975
-2.88429665565 34.5091857910 8.64617554987
-2.86669027894 34.4202719017 8.69809989038
-2.84858798981 34.3288536072 8.75148676492
-2.83210584207 34.2403770595 8.80284811011
-2.81504821777 34.1488113403 8.85600274408
-2.79968353185 34.0607723836 8.90680296901
-2.78367757797 33.9690589905 8.95972341668
-2.76942342390 33.8814578568 9.00996445379
-2.75447607040 33.7895965576 9.06264878271
-2.74132535931 33.7024353290 9.11233163973
-2.72744345665 33.6104278564 9.16477690904
-2.71538929035 33.5237030511 9.21390545987
-2.70257997513 33.4315452576 9.26611173262
-2.69161518093 33.3452589576 9.31468700976
-2.68945483757 33.3282583618 9.32425757492
-2.67988538742 33.2529525757 9.36901420199
-2.67000570958 33.1671305490 9.41970443513
-2.65935993195 33.0746536255 9.47432534068
-2.65055777574 32.9892965012 9.52442510433
-2.64100337029 32.8966445923 9.57880649045
-2.63327101363 32.8117523247 9.62831819198
-2.62481594086 32.7189254761 9.68245757774
-2.61814551067 32.6344962108 9.73138467523
-2.61079764366 32.5414924622 9.78528072023
-2.60518100226 32.4575297700 9.83362374172
-2.59894800186 32.3643531799 9.88727182967
-2.59437753999 32.2808551799 9.93503416656
-2.58926773071 32.1875038147 9.98843280309
-2.58573523808 32.1044704479 10.0356170208
-2.58175635338 32.0109443665 10.0887637876
-2.57925380802 31.9283764516 10.1353719061
-2.57641386986 31.8346767426 10.1882637243
-2.57493332412 31.7525733066 10.2342987355
-2.57324051857 31.6586990356 10.2869335986
-2.57277387559 31.5770591159 10.3323985345
-2.57223629951 31.4830093384 10.3847744692
-2.57277531486 31.4018346204 10.4296709374
-2.57281533813 31.3958071892 10.4330046154
-2.57340097427 31.3076114655 10.4796709656
-2.57493782978 31.2268824749 10.5221212751
-2.57673454285 31.1325035095 10.5717492498
-2.57926160509 31.0522200121 10.6137006388
-2.58223724365 30.9576854706 10.6630987772
-2.58267961367 30.9476219033 10.6683241141
-2.58574656610 30.8778511659 10.7052612441
-2.58990907669 30.7831573486 10.7553928318
-2.59439233773 30.7037783743 10.7971493797
-2.5996442786 30.6107894369 10.8460653179
-2.59974980354 30.6089210510 10.8470407834
-2.60519899610 30.5299945186 10.8879780161
-2.61175942421 30.4349727631 10.9372634414
-2.61816666998 30.3564990320 10.9776968939
-2.62593817711 30.2613162994 11.0267396303
-2.63329534275 30.1832948068 11.0666718162
-2.64228606224 30.0879497528 11.1154703752
-2.65058485504 30.0103808034 11.1549033847
-2.66080284119 29.9148731232 11.2034557409
-2.67003513238 29.8377578527 11.2423911733
-2.68148875237 29.7420883179 11.2906946375
-2.69164614773 29.6654253075 11.3291355371
-2.70434355736 29.5695915222 11.3771891799
-2.71541782234 29.4933827520 11.4151367210
-2.72936749458 29.3973865509 11.4629372533
-2.74135013282 29.3216306005 11.5003945086
-2.75656032562 29.2254695892 11.5479409725
-2.76944299899 29.1501684057 11.5849091623
-2.78592228889 29.0538444519 11.6321982226
-2.79969639884 28.9789974486 11.6686799994
-2.81745314598 28.8825092316 11.7157100935
-2.83211025075 28.8081174876 11.7517071721
-2.8511531353 28.7114658356 11.7984754952
-2.86668453381 28.6375279339 11.8339910024
-2.88702201843 28.5407104492 11.8804965429
-2.90341916424 28.4672274578 11.9155322279
-2.92506003380 28.3702449799 11.9617721465
-2.94231422506 28.2972179488 11.9963298103
-2.96526718140 28.2000713348 12.0423012810
-2.98336946293 28.1274996582 12.0763836835
-3.00764298439 28.0301876068 12.1220851012
-3.02658485710 27.9580715027 12.1556944354
-3.05218815804 27.8605937958 12.2011234124
-3.06310365007 27.8210332221 12.2194178133
-3.07196156462 27.7889298428 12.2334506480
-3.09890222549 27.6912899017 12.2761304277
-3.11950279916 27.6200637423 12.3070216878
-3.14778518677 27.5222778320 12.3494320890
-3.16920449998 27.4514883063 12.3798920428
-3.19883728027 27.3535537720 12.4220321950
-3.22106674268 27.2832029298 12.4520620007
-3.25205850601 27.1851215363 12.4939288086
-3.28443547413 27.0868379699 12.5355436448
-3.30744862556 27.0169792175 12.5651229594
-3.31600222546 26.9920353868 12.5755984290
-3.34119698322 26.9185629564 12.6025157481
-3.36500763893 26.8491268158 12.6279543344
-3.40012780664 26.7506000240 12.6636667970
-3.42473578453 26.6815643311 12.6886897836
-3.46123549832 26.5829267001 12.7240568992
-3.48663306236 26.5142917633 12.7486663685
-3.52451996754 26.4155441180 12.7836855541
-3.55069923401 26.3473110199 12.8078832706
-3.58998130847 26.2484508049 12.8425534193
-3.61693453789 26.1806182861 12.8663421953
-3.65761952715 26.0816474709 12.9006601629
-3.68533873558 26.0142173767 12.9240414373
-3.72743471515 25.9151345511 12.9580055563
-3.75591206551 25.8481063843 12.9809818149
-3.79942688086 25.7489112661 13.0145899594
-3.82865428925 25.6822853088 13.0371633968
-3.87359611743 25.5829787743 13.0704128068
-3.90356564522 25.5167560577 13.0925852274
-3.94994242885 25.4173355535 13.1254748052
-3.98064589500 25.3515148163 13.1472491491
-4.02846576930 25.2519823793 13.1797756071
-4.05989503860 25.1865653992 13.2011533882
-4.10916647704 25.0869184764 13.2333154756
-4.14131355286 25.0219039917 13.2542995812
-4.19204435795 24.9221446468 13.2860940939
-4.22490072250 24.8575344086 13.3066861601
-4.27709946641 24.7576612531 13.3381112775
-4.31065702438 24.6934547424 13.3583138747
-4.36433204433 24.5934687058 13.3893667659
-4.39858245850 24.5296669006 13.4091818379
-4.45374213984 24.4295654294 13.4398612780
-4.45838122256 24.4211466171 13.4424415043
-4.48867702484 24.3661670685 13.4586859197
-4.54532551108 24.2659598719 13.4878368446
-4.58094072342 24.2029590607 13.5061641901
-4.63908560045 24.1026442548 13.5348882383
-4.67537307739 24.0400390625 13.5528145508
-4.69494345754 24.0070924143 13.5620972715
-4.73500634934 23.9396467135 13.5746792055
-4.77197456360 23.8774108887 13.5862892419
-4.83307949483 23.7769790389 13.6044971949
-4.84723473489 23.7537135362 13.6087151514
-4.8707447052 23.7150726318 13.6142178494
-4.93331377667 23.6146256350 13.6280415498
-4.97168445587 23.5530261993 13.6365189775
-5.03572048026 23.4525652699 13.6498629308
-5.07479286194 23.3912677765 13.6580049109
-5.14030194605 23.2907937903 13.6708667994
-5.18007040024 23.2297992706 13.6786748374
-5.24705839007 23.1293131239 13.6910524223
-5.28751707077 23.0686225891 13.6985281020
-5.35598955608 22.9681228047 13.7104200443
-5.39713239670 22.9077358246 13.7175655171
-5.46709589898 22.8072221202 13.7289697596
-5.50891733170 22.7471389771 13.7357867677
-5.58037722206 22.6466110723 13.7467016327
-5.62287092209 22.5868320465 13.7531921688
-5.69583350575 22.4862908664 13.7636152561
-5.73899364471 22.4268169403 13.7697809080
-5.81346466786 22.3262598202 13.7797112346
-5.85728502274 22.2670898438 13.7855544527
-5.93327117662 22.1665189168 13.7949890759
-5.97774600983 22.1076545715 13.8005111779
-6.05525281887 22.0070683804 13.8094487735
-6.10037565231 21.9485092163 13.8146520537
-6.17940927838 21.8479075133 13.8230906715
-6.22517395020 21.7896537781 13.8279770799
-6.30574120865 21.6890363099 13.8359145558
-6.35214185715 21.6310882568 13.8404859417
-6.43424838939 21.5304547820 13.8479204952
-6.48127841949 21.4728126526 13.8521789539
-6.50941224663 21.4389628472 13.8545093008
-6.56487778225 21.3722283222 13.8437535755
-6.61258459091 21.3148288727 13.8345024014
-6.69760586885 21.2143788917 13.8176542817
-6.74605894089 21.1571331024 13.8080526482
-6.83250460674 21.0568198337 13.7905662453
-6.88170289993 20.9997291565 13.7806143157
-7.05888432710 20.7994950260 13.7437228599
-7.15949773788 20.6857910156 13.7227738515
-7.34239444286 20.4860991780 13.6833225437
-7.44596815109 20.3730144501 13.6609814182
-7.63459363244 20.1738631837 13.6189647999
-7.74111509323 20.0613975525 13.5952369794
-7.93548207811 19.8627876182 13.5506494376
-8.02331401183 19.7730383503 13.5305009025
-8.04493808746 19.7509422302 13.5250546150
-8.24501835908 19.5529141798 13.4733758583
-8.35743713379 19.4416484833 13.4443391999
-8.50928559960 19.2959654684 13.4041951323
-8.56311339715 19.2443232224 13.3771003346
-8.67861175537 19.1335144043 13.3189630004
-8.88932758102 18.9374139376 13.2126638173
-9.00846290588 18.8265419006 13.1525639758
-9.224186278 18.6316669504 13.0435122263
-9.34699058533 18.5207309723 12.9814326081
-9.53200269618 18.3583932868 12.8877214836
-9.56768120331 18.3270874104 12.8688518715
-9.69419384003 18.2160797119 12.8019419987
-9.91975553515 18.0237230949 12.6827962723
-10.0500726700 17.9125900269 12.6139604281
-10.1042314297 17.8676758182 12.5853869028
-10.2108766358 17.7792342612 12.4953173684
-10.2799339711 17.7219645677 12.4366309592
-10.4146280289 17.6102619171 12.3221650511
-10.6481227824 17.4218502262 12.1247716550
-10.7878599167 17.3090934753 12.0066397181
-11.0248869029 17.1228972622 11.8072637335
-11.1697673798 17.0090866089 11.6853970711
-11.2027585625 16.9838440316 11.6577798751
-11.4096238398 16.8255649910 11.4260866079
-11.5164727589 16.7438115685 11.3064136715
-11.5603504181 16.7102394104 11.2562613727
-11.8022923080 16.5298489372 10.9811879806
-11.9596099854 16.4125537872 10.8023272337
-12.2034353142 16.2353199652 10.5265279461
-12.3675460815 16.1160297394 10.3408965643
-12.5985235165 15.9522746378 10.0809147202
-12.6130027324 15.9420093690 10.0579756128
-12.7841577530 15.8206663132 9.78681843070
-13.0290173065 15.6512791369 9.40092230432
-13.1253198487 15.5846596587 9.24915049294
-13.2094459534 15.5264635086 9.11355433805
-13.4532756506 15.3618129300 8.72248907473
-13.6434097290 15.2334213257 8.41754331017
-13.8690582773 15.0846268424 8.05736704955
-13.8856901941 15.0736596216 8.01623631631
-14.0860500336 14.9415407181 7.52074639454
-14.3221423951 14.7894592800 6.93978236412
-14.3885543403 14.7466793100 6.77635923980
-14.5373659134 14.6508207321 6.37036150230
-14.7655232839 14.5071985725 5.75068966219
-14.7923129778 14.4903348013 5.67792927362
-14.9973583221 14.3612613678 4.62911953090
-15.1185559289 14.2866816589 4.01204144290
-15.2034024879 14.2344707956 3.45613175074
-15.2606292580 14.1992559430 3.08118530014
-15.2384117122 14.2129276495 1.16368203098
-15.2022944485 14.2351526347 0.445019434876
-15.1842827274 14.2462362604 0.359055846032
-15.1636360546 14.2589413203 0.260516562445
-15.1090507154 14.2925307517 -8.881784197e-16
CURVE 2
-6.96317101182 2.66801799371 1.99840144433e-15
-6.96339996202 2.66792156725 0.245214412389
-6.98519778011 2.65874102803 2.80904756157
-6.83706474304 2.72112989426 3.37293103444
-6.73268920005 2.76410175246 3.76756749897
-6.66095426079 2.79363533427 4.02294640212
-6.47056007385 2.87202143669 4.70075639441
-6.3062426477 2.93808773540 5.28159921969
-6.14305461266 3.00369994538 5.85844977987
-6.10743856430 3.01801991463 5.92649877910
-5.95167609974 3.07911660770 6.22191649563
-5.74769973755 3.15912485123 6.60877626519
-5.70492170668 3.17547616539 6.68929700279
-5.59763814614 3.21648383141 6.87477034939
-5.39134454727 3.29533672333 7.23141365961
-5.24648613237 3.34922940311 7.47981540291
-5.03837203979 3.42665553093 7.83668734185
-4.89858369291 3.47720866282 8.07439666137
-4.68878316879 3.55308103561 8.43116130548
-4.57683487334 3.59237935925 8.61989699974
-4.55381914969 3.60045879765 8.64632653617
-4.34257698059 3.67461323738 8.88890125115
-4.23680104803 3.71060152431 9.00928900606
-4.21074762777 3.71946571431 9.03858233930
-3.99975395203 3.79125237465 9.27581445682
-3.87095460777 3.83365393497 9.41929831372
-3.66031384468 3.902998209 9.65395439279
-3.53448140576 3.94300795814 9.79280518021
-3.32425713539 4.00985097885 10.0247787931
-3.20132900736 4.04752649627 10.1591009370
-3.15675321188 4.06118826909 10.2078083933
-2.99158334732 4.11181020737 10.3831259898
-2.87141915155 4.14723132001 10.5092936664
-2.66229248047 4.20887613297 10.7288684409
-2.54482071439 4.24209947953 10.8508331144
-2.5338975678 4.24518876215 10.8621740354
-2.33638501167 4.30104923248 11.0542536089
-2.28851142832 4.31400451495 11.1002503710
-2.22122781883 4.33221243058 11.1483165593
-2.01386046410 4.38832902908 11.2964560303
-1.90043422076 4.41761005418 11.3764756413
-1.69471895695 4.47071552277 11.5216030379
-1.58300257715 4.49813287784 11.5994002595
-1.37896060944 4.54820871353 11.7414913136
-1.26893324247 4.57378060345 11.8170900161
-1.06658530235 4.62080907822 11.9561212601
-0.958226465085 4.64455274117 12.0295444316
-0.757593095303 4.68851566315 12.1654921650
-0.650882624324 4.71044853634 12.2367627695
-0.624463602262 4.71587860384 12.2544077077
-0.451983988285 4.75132942200 12.3682320836
-0.346884199775 4.77147139168 12.4365510313
-0.149757951498 4.80924987793 12.5646907550
-0.046248328088 4.82761678564 12.6309290859
0.149084985256 4.86227703094 12.7559276340
0.251022919159 4.87888407267 12.8201056571
0.444544821978 4.91041135788 12.9419430603
0.54492925292 4.92527278398 13.0040802628
0.736621618271 4.95365190506 13.1227363853
0.835470387742 4.96678217248 13.1828522245
1.00546443680 4.98936280080 13.2862357563
1.02531528473 4.99199962616 13.2953619376
1.12277680062 5.00342758577 13.3393595500
1.31062591076 5.02545404434 13.4241613536
1.40689505370 5.03520674465 13.4668022952
1.59255337715 5.05401515961 13.5490368045
1.68763000779 5.06209378421 13.5903216519
1.68860823314 5.06217690364 13.5907464239
1.87109780312 5.07768297195 13.6608620520
1.96508399682 5.08409573747 13.6960889144
2.14625906944 5.09645748138 13.7639949450
2.23915239911 5.10120221477 13.7979165567
2.41803741455 5.11033916473 13.8632395250
2.50983496072 5.11341340493 13.8958535205
2.68643260002 5.11932754517 13.9585954439
2.77713158360 5.12072906409 13.9898996358
2.95144462585 5.12342262268 14.0500627016
3.04104239946 5.12314926158 14.0800549858
3.21307373047 5.12262439728 14.1376413784
3.30156743872 5.12067406690 14.1663196199
3.47131943703 5.11693286896 14.2213313138
3.55870668940 5.11330371305 14.2486936649
3.63159209781 5.11027681263 14.2715152559
3.72618246078 5.10634851456 14.3013300276
3.81245778886 5.10103858156 14.3275678179
3.97766208649 5.09087085724 14.3778092462
4.06282185171 5.08387830783 14.4027382183
4.22575855255 5.07049942017 14.4504349734
4.30980030044 5.06182294594 14.4740535728
4.47047233582 5.04523515701 14.5192078983
4.55339334160 5.03487320571 14.5415143442
4.71180295944 5.01507806778 14.5841278597
4.79360071141 5.00302884381 14.6051203085
4.94975042343 4.98002719879 14.6451943296
5.03042247674 4.96628964436 14.6648713690
5.18431472778 4.94008350372 14.7024078361
5.26385869415 4.92465598867 14.7207677557
5.27035109378 4.92339679080 14.7222662972
5.41549587250 4.8952460289 14.7498731540
5.49396507112 4.87811551364 14.7637033477
5.64329385757 4.84551572800 14.7900225414
5.72068592467 4.82667834630 14.8025505644
5.86770915985 4.79089260101 14.8263502966
5.94401966798 4.77034457058 14.8375726486
6.08874082565 4.73137569427 14.8588555860
6.16396607038 4.70911382235 14.8687693222
6.30638980865 4.66696548462 14.8875389703
6.38052566280 4.64298667331 14.8961410727
6.52065563202 4.59766244888 14.9124005786
6.59369819546 4.57196336733 14.9196879646
6.73153829575 4.52346611023 14.9334401381
6.80348373233 4.49604368907 14.9394098936
6.93903779984 4.44437646866 14.9506576486
7.00988251187 4.41522773177 14.9553069852
7.14315462112 4.36039352417 14.9640532539
7.21289457640 4.32951575839 14.9673794026
7.34388780594 4.27151775360 14.9736269396
7.41251969829 4.23890784576 14.9756271212
7.54123830795 4.17774820328 14.9793784470
7.60875840721 4.14340379578 14.9800501872
7.73520565033 4.07908582687 14.9813081786
7.80161045379 4.04300416242 14.9806488428
7.92578983307 3.97553014755 14.9794158612
7.99107606830 3.93770873176 14.9774230348
8.02749192976 3.91661240982 14.9763114607
8.11299133301 3.86708116531 14.9727481764
8.17716368018 3.82751251276 14.9686714772
8.26352459007 3.77426239821 14.9631851975
8.29680919647 3.75373911858 14.9591195416
8.41412354818 3.67686510401 14.9420313700
8.47724342346 3.63550376892 14.9328372413
8.59224482845 3.55552767024 14.9132790996
8.65429592133 3.51237511635 14.9027261497
8.76698859905 3.42930259553 14.8807025457
8.82796478271 3.38435339928 14.8687859300
8.93835413350 3.29818971259 14.8443014230
8.99825000763 3.25143837929 14.8310164372
9.10634198361 3.16218900076 14.8040758583
9.16515254974 3.1136302948 14.7894180572
9.27095241696 3.02130014525 14.7600257281
9.32867240906 2.97092866898 14.7439905000
9.43218475862 2.87552334326 14.7121509816
9.48880863190 2.82333421707 14.6947339597
9.59003922158 2.72485829447 14.6604514900
9.64556217194 2.67084622383 14.6416482422
9.74451546020 2.56930496435 14.6049271451
9.7989320755 2.51346516609 14.5847333966
9.89561369337 2.4088632697 14.5455779516
9.94891929626 2.35119080544 14.5239895189
10.0100630492 2.28147097355 14.4970584208
10.0433350414 2.24353222119 14.4826197198
10.0955238342 2.18402338028 14.4599718912
10.1876807989 2.07330913210 14.4165816894
10.2387447357 2.01196265221 14.3925392903
10.3286482465 1.89819705889 14.3467354664
10.3785829544 1.83500874043 14.3212948519
10.4662370400 1.71819587082 14.2730808845
10.5150375366 1.65316152573 14.2462382618
10.6004473805 1.53330550541 14.1956179571
10.6481094360 1.46642112732 14.1673698342
10.6828643238 1.41506564239 14.1452124570
10.7312668257 1.34354378981 14.1108678504
10.7777976990 1.27478754520 14.0778512816
10.8586886481 1.14892424928 14.0165091742
10.9041032791 1.07826077938 13.9820698555
10.9827340097 0.949417353849 13.9183959571
11.0270261765 0.87684071064 13.8825288743
11.1034022221 0.745023010903 13.8165279964
11.1465654373 0.670527458191 13.7792282113
11.2206934632 0.535741132429 13.7109052748
11.2627220154 0.459320992231 13.6721680487
11.2832424530 0.419998971087 13.6520029980
11.3346034191 0.321579189194 13.6002173400
11.3754949570 0.243221312761 13.5589876795
11.4451318080 0.102539232555 13.4841844768
11.4848852158 0.0222284197807 13.4414817672
11.5522831247 -0.121387619598 13.3643562999
11.5908918381 -0.20365768671 13.3201751806
11.6560575587 -0.350201473337 13.2407327812
11.6935157776 -0.434437006712 13.1950681165
11.7564553881 -0.583902459338 13.1133138953
11.7927570343 -0.670109570026 13.0661605560
11.8354283102 -0.777198068774 13.0070851305
11.8534591956 -0.822448659574 12.9756002369
11.8886146545 -0.910675346851 12.9142130194
11.9470158433 -1.06569131112 12.8054198277
11.9810895920 -1.15613424778 12.7419452314
12.0371988866 -1.31380496043 12.6303751748
12.0701808929 -1.40648651123 12.5647923807
12.1240087931 -1.56678925263 12.4504666940
12.1558895111 -1.66173195839 12.3827548762
12.2074461373 -1.82464380485 12.2656948537
12.2382154465 -1.92187058926 12.1958327178
12.2875105476 -2.08736823009 12.0760598627
12.3171577454 -2.18690228462 12.0040257369
12.3642018849 -2.35496236532 11.8815618140
12.3927164078 -2.45682740211 11.8073336453
12.4277290849 -2.59014047308 11.7095498342
12.4375194341 -2.62741787145 11.6811038461
12.4648933411 -2.73164582253 11.6015686001
12.5074518375 -2.90468979341 11.4688386011
12.5336856842 -3.01135730743 11.3870213673
12.5740142024 -3.18682851979 11.2517622526
12.5990962982 -3.29596185684 11.1676386043
12.6372066502 -3.47383404370 11.0298748349
12.6611232758 -3.58545994759 10.9434194674
12.6970286579 -3.76570593546 10.8031765791
12.7197666168 -3.87985110283 10.7143643500
12.7516744685 -4.05265969402 10.5793142888
12.7534773461 -4.06242383402 10.5691969179
12.7750272751 -4.17913532257 10.4482632344
12.8064542086 -4.36340184778 10.2564622076
12.8269052505 -4.48331308365 10.1316479032
12.8560734082 -4.66921147486 9.93729975507
12.8753995895 -4.79238367081 9.80852893559
12.9023358004 -4.97985179441 9.61171085762
12.9205112457 -5.10634756088 9.47890612713
12.9448149290 -5.29205556207 9.28314009278
12.9452423955 -5.29532189573 9.27967819407
12.9622402191 -5.42520475388 9.14201886566
12.9847914308 -5.61560511463 8.93940222919
13.0005855560 -5.74895524979 8.79749621731
13.0209853244 -5.94071529823 8.59263486633
13.0355472565 -6.07759904861 8.44639903535
13.0538258529 -6.27065147433 8.23937779271
13.0671272278 -6.41113615036 8.0887279778
13.0833128305 -6.60541238096 7.8796323388
13.0871249145 -6.6511689289 7.83038547726
13.0953226089 -6.74956607819 7.67370855267
13.1093472634 -6.94361206761 7.36357461829
13.1201362610 -7.09288930893 7.12499231984
13.1320421312 -7.28634791127 6.81467630692
13.1415662766 -7.44110584259 6.56643785368
13.1514158154 -7.63382976998 6.25621462567
13.1596126556 -7.79421567917 5.99804515419
13.1674703541 -7.98605548975 5.68819420146
13.1742763519 -8.15221881866 5.41981473621
13.1802076950 -8.34302263777 5.11062006883
13.1834785894 -8.44824318323 4.94011178598
13.1855573654 -8.51511478424 4.83108190227
13.1865790494 -8.56269569560 4.75325204681
13.1895785672 -8.70238643970 4.28707862250
13.1927669031 -8.85087064246 3.79155982704
13.1934547424 -8.88290405273 3.68004802969
13.1956292114 -9.06240384868 3.05358049411
13.1979694366 -9.25558662415 2.37935835014
13.1984819710 -9.42668365006 1.78072261734
13.1985225213 -9.44022036500 1.73336024370
13.1987768063 -9.52510716235 1.44002627732
13.1987457031 -9.51472414066 1.21618963257
13.1985767079 -9.45830923438 0.0
CURVE 3
25.7923333782 -11.6187410257 0.0
25.7965290882 -11.6380527284 0.239505552858
25.8054206135 -11.6789779823 0.747064400969
25.7748146057 -11.5381069183 1.32128015330
25.7208265864 -11.2754502227 2.39198771367
25.7176542402 -11.2600164658 2.45490269154
25.6704254150 -11.0302438736 3.35746525987
25.6423928798 -10.8853242502 3.92680803100
25.6234869465 -10.7875863636 4.10320713852
25.5738124847 -10.5307846069 4.56668759934
25.5318430610 -10.2987885361 4.98534624320
25.5095457912 -10.1755350213 5.20776875724
25.4849777222 -10.0397291183 5.44967445266
25.4477383611 -9.81799202291 5.84461915383
25.4039192200 -9.55707645416 6.30934618167
25.3711893063 -9.34526354156 6.68658798593
25.3564857285 -9.25010876394 6.85605999569
25.3306369781 -9.08282756805 7.0569951489
25.3019042945 -8.87848943611 7.30232806094
25.2654841315 -8.61948028283 7.61330021878
25.2651329041 -8.61698246002 7.61629349390
25.2401981773 -8.41939662375 7.85295967748
25.2074050903 -8.15954017639 8.16421292736
25.1861590711 -7.96854950428 8.39286765587
25.1574535370 -7.71050167084 8.70180346222
25.1397906375 -7.52595668408 8.92262917529
25.1152801514 -7.26986694336 9.22906502378
25.1010952123 -7.09162017356 9.44224174618
25.0984535166 -7.05842484482 9.48194216481
25.0808830261 -6.83763551712 9.68178502158
25.0760580885 -6.76081825407 9.75123393970
25.0700083453 -6.66450100773 9.83887973652
25.0542621613 -6.41380786896 10.0670029516
25.0466341872 -6.24563416680 10.2198426857
25.0354194641 -5.99838352203 10.4445491785
25.0309805246 -5.83509218515 10.5927563042
25.0243549347 -5.59136247635 10.8139712216
25.0230467938 -5.43287627596 10.9576195303
25.0228229655 -5.40575863066 10.9821983509
25.0210647583 -5.19274520874 11.1701435441
25.0215671226 -5.11528696227 11.2385185399
25.0223369598 -4.99658775330 11.3432983185
25.0236014158 -4.92028428517 11.4106757452
25.0255527496 -4.80253124237 11.5146539417
25.0275735580 -4.72737449764 11.5810407457
25.0298727056 -4.64186591718 11.6565714434
25.0307140350 -4.61057567596 11.6843872516
25.0334838993 -4.53656007065 11.7502040195
25.0349376064 -4.49771447980 11.7847466166
25.0378189087 -4.42072105408 11.8385862478
25.0413368458 -4.34772460144 11.8896242636
25.0460608715 -4.24970206255 11.9581601405
25.0468673706 -4.23296737671 11.9697758979
25.0511310859 -4.16095420188 12.0197489116
25.0578594208 -4.04731416702 12.0986085791
25.0628662847 -3.97627914618 12.1478904450
25.0707969666 -3.86376237869 12.2259510437
25.0765427661 -3.79370166202 12.2745445020
25.0856781006 -3.68231105804 12.3518039839
25.0921600885 -3.61322143953 12.3997113047
25.1025047302 -3.50296092033 12.4761668733
25.1097186803 -3.43483871972 12.5233906791
25.1212749481 -3.32571148872 12.5990400726
25.1292173624 -3.25855320190 12.6455828522
25.1419887543 -3.15056276321 12.7204235818
25.1506568563 -3.08436505914 12.7662876926
25.1646480560 -2.97751522064 12.8403170401
25.1740376003 -2.91227439392 12.8855051225
25.1892509460 -2.80656838417 12.9587208084
25.1993584101 -2.74228099478 13.0032353070
25.2157974243 -2.63772249222 13.0756347209
25.2266192777 -2.57438499977 13.1194781502
25.2442874908 -2.47097754478 13.1910587777
25.2558209174 -2.40858631119 13.2342337092
25.2747230530 -2.30633330345 13.3049931149
25.2869645027 -2.24488486021 13.3475020135
25.3071041107 -2.14379000664 13.4174375669
25.3200485862 -2.08328078814 13.4592829874
25.3414268494 -1.98334765434 13.5283921927
25.3550722255 -1.92377404306 13.5695766814
25.3776950836 -1.82500612736 13.6378570161
25.3920370703 -1.76636453636 13.6783831317
25.4018674817 -1.72616989860 13.7061609002
25.4159069061 -1.66876542568 13.7371968526
25.4309577253 -1.61099439627 13.7683895559
25.4560642242 -1.51462566853 13.8204225761
25.4718263239 -1.45770402476 13.8511147493
25.4981651306 -1.36258673668 13.9024020295
25.5146366329 -1.30651380594 13.9325941281
25.5422096252 -1.21264874935 13.9831351470
25.5593893237 -1.15742377982 14.0128276400
25.5881996155 -1.06481170654 14.0626218429
25.6060848412 -1.01043380780 14.0918153414
25.6361331940 -0.919075369835 14.1408623345
25.6547219497 -0.865543818563 14.1695573272
25.6860103607 -0.775440037251 14.2178564573
25.7053013223 -0.72275388383 14.2460535277
25.7378330231 -0.633905529976 14.2936042242
25.7578234072 -0.58206387028 14.3213039962
25.7915992737 -0.494471907616 14.3681056882
25.8122876753 -0.443473778386 14.3953087562
25.8473110199 -0.35713917017 14.4413607635
25.8686938709 -0.306983564582 14.4680678433
25.9049644470 -0.221907317638 14.5133696214
25.9270409720 -0.172593180363 14.5395813301
25.9645633698 -0.0887763351202 14.5841320989
25.9873313379 -0.0403025795213 14.6098491361
26.0261077881 0.0422537624836 14.6536481877
26.0495635204 0.0898882759432 14.6788713474
26.0895938873 0.171182990074 14.7219180674
26.1137371901 0.217979431918 14.7466480041
26.1550273895 0.29801133275 14.7889414727
26.1798538050 0.343970921258 14.8131790587
26.2224025726 0.422738790512 14.8547186607
26.2479111214 0.467862795754 14.8784646408
26.2917232513 0.545365393162 14.9192494764
26.3179108076 0.589655107381 14.9425047039
26.3629875183 0.665891110897 14.9825339891
26.3757464860 0.686530680347 14.9933462648
26.3898514877 0.709347664446 15.0053822265
26.4361953735 0.784315943718 15.0449280023
26.4637333902 0.826939869087 15.0673548947
26.5113487244 0.900639891624 15.1061327045
26.5395575442 0.942432724391 15.1280641641
26.5741650116 0.993705486268 15.1549703687
26.5884456635 1.01486301422 15.1627783629
26.6173400331 1.05584985467 15.1778058818
26.6674880981 1.12698519230 15.2038871220
26.6970784478 1.16718525799 15.2185261884
26.7484722137 1.23700642586 15.2439519358
26.7787590518 1.27641932459 15.2582023431
26.8314037323 1.34492695332 15.2829724475
26.8623833270 1.38355215088 15.2968342681
26.9162769318 1.45074641705 15.3209489633
26.9479489645 1.48858370415 15.3344221342
27.0030956268 1.55446517467 15.3578813297
27.0061057117 1.55791121316 15.3590983639
27.0354601534 1.59151708779 15.3696548418
27.0918579102 1.65608298779 15.3899366677
27.1249192425 1.69235507275 15.4011254044
27.1825656891 1.75559985638 15.4206343253
27.2163212348 1.79109204065 15.4313731846
27.2752151489 1.85301589966 15.4501094677
27.3096657450 1.88772810865 15.4603982918
27.3698120117 1.94833111763 15.4783612425
27.4049542835 1.98226327788 15.4882005015
27.4663505554 2.04154539108 15.5053904493
27.5021845696 2.07469752768 15.5147801442
27.5648345947 2.13265872002 15.5311965196
27.6013582782 2.16503097596 15.5401370230
27.6652622223 2.22167134285 15.5557798435
27.7024748578 2.25326374238 15.5642712729
27.7676353455 2.30858302116 15.5791400311
27.8055347874 2.33939572066 15.5871827756
27.8719520569 2.39339375496 15.6012773664
27.9105368056 2.42342695121 15.6088717368
27.9782123566 2.47610354424 15.6221918495
28.0174815619 2.50535756551 15.6293381182
28.0864181519 2.55671262741 15.6418833020
28.1263688523 2.58518767959 15.6485820018
28.1965656281 2.63522076607 15.6603521864
28.2371982724 2.66291718152 15.6666033980
28.3086605072 2.71162796021 15.6775976504
28.3098117803 2.71237813246 15.6777594130
28.3499727527 2.73854711557 15.6828389002
28.4226970673 2.78593444824 15.6920369403
28.4646912425 2.81207825323 15.6968138916
28.5386791229 2.85813999176 15.7052302138
28.5813536346 2.88350878385 15.7095594194
28.6566066742 2.92824459076 15.7171936225
28.6999585081 2.95283875127 15.7210757288
28.7764759064 2.99624824524 15.7279277730
28.8542693046 3.03833522766 15.7339974727
28.8982906342 3.06215119362 15.7374321632
28.9773546081 3.10291097760 15.7427183274
29.0220508575 3.12595319748 15.7457066886
29.1023847367 3.16538526078 15.7502091952
29.1477527618 3.18765425682 15.7527519559
29.2293607914 3.22575818526 15.7564699483
29.2754001617 3.24725461006 15.7585674628
29.3582841980 3.28402964358 15.7615003129
29.4049930573 3.30475401878 15.7631531050
29.4891525490 3.34019950177 15.7653006131
29.5011691644 3.34526054395 15.7656072425
29.5365276337 3.36015248299 15.7638020739
29.6219408476 3.39425729266 15.7588453067
29.6700077057 3.41345000267 15.7560558528
29.7566737343 3.44621356859 15.7504389296
29.8054332733 3.46464681625 15.7472787688
29.8933514670 3.49606914733 15.7410018128
29.9428005219 3.51374244690 15.7374713769
30.0319751787 3.54382424276 15.7305338144
30.0821132660 3.56073760986 15.7266331981
30.1725463010 3.58947858013 15.7190345814
30.2233715057 3.60563158989 15.7147640042
30.3150624590 3.63303213635 15.7065045467
30.3665714264 3.64842486382 15.7018646546
30.4595260243 3.67448486289 15.6929432551
30.51171875 3.68911719322 15.6879340122
30.6059354349 3.71383659603 15.6783509440
30.6588077545 3.72770857811 15.6729731381
30.6862676798 3.73443206369 15.6700266264
30.7542727165 3.75108290593 15.6570199009
30.8078422546 3.76419925690 15.6467741263
30.9045333020 3.78622335595 15.6277106730
30.9588203430 3.79858875275 15.6170075263
31.0567379555 3.81926365818 15.5971395891
31.1117420197 3.83087754250 15.5859790097
31.2108879398 3.85020394517 15.5653063466
31.2666091919 3.86106562614 15.5536880504
31.3669827514 3.87904402330 15.5322110175
31.4234199524 3.88915276527 15.5201350921
31.5250229681 3.90578361548 15.4978533466
31.5821762085 3.91513872147 15.4853195262
31.6850068658 3.93042305261 15.4622339239
31.7428741455 3.93902420998 15.4492426523
31.8469355566 3.95296209570 15.4253523601
31.9055175781 3.96080851555 15.4119031708
32.0108104408 3.97340075099 15.3872082710
32.0701065063 3.98049211502 15.3733012466
32.1766291264 3.99173899920 15.3478023097
32.2366371155 3.99807476997 15.3334378496
32.3443927074 4.00797671349 15.3071341307
32.4051132202 4.01355648041 15.2923119274
32.4586055617 4.01775654221 15.2790069655
32.5140974061 4.02211359911 15.2637980815
32.5755348206 4.02693748474 15.2469596699
32.6857374198 4.03414937112 15.2162804449
32.7479019165 4.03821754456 15.1989745139
32.8593209593 4.04408488100 15.1674866358
32.9222106934 4.04739665985 15.1497135135
33.0348466886 4.05192009099 15.1174170426
33.0984611511 4.05447483063 15.0991766690
33.2123195110 4.05765526748 15.0660702822
33.2766609192 4.05945253372 15.0473618488
33.3917373425 4.06128993548 15.0134468231
33.4568023682 4.06232881546 14.9942710270
33.5730999017 4.06282432194 14.9595468245
33.6388893127 4.06310462952 14.9399033740
33.6805927437 4.06280422857 14.9272937525
33.7563784831 4.06225832367 14.8974365205
33.8229179382 4.06177902222 14.8712220378
33.9415607571 4.05959334611 14.8240074511
34.0088920593 4.05835294724 14.7972125753
34.1286868675 4.05482958841 14.7490717423
34.1968116760 4.05282592773 14.7216950548
34.3177568224 4.04796717542 14.6726294352
34.3866767883 4.04519844055 14.6446696457
34.5087681957 4.03900566648 14.5946813227
34.5784835815 4.03546953201 14.5661375022
34.7017220373 4.02794501278 14.5152269767
34.7722358704 4.02363967896 14.4860973007
34.8966173236 4.01478568340 14.4342669645
34.9663044803 4.00982505817 14.4052279987
34.9679298401 4.00970935822 14.4044731012
35.0934292969 3.99952948346 14.3457881278
35.1655693054 3.99367785454 14.3120546393
35.2921701693 3.98217621929 14.2524622354
35.3651542664 3.97554564476 14.2181078270
35.4928516214 3.96272490670 14.1576110107
35.5666809082 3.95531249046 14.1226342736
35.6954770972 3.94117545470 14.0612329030
35.7701568604 3.93297839165 14.0256306088
35.9000421574 3.91752800997 13.9633299204
35.9755706787 3.90854358673 13.9271019641
36.2385797096 3.87371765093 13.7998201294
36.3787080081 3.85516277807 13.7320057776
36.3922386169 3.85337114334 13.7236899820
36.6592504895 3.81337620733 13.5579570889
36.8166809082 3.78979516029 13.4602408393
37.0874831283 3.74469730769 13.2905620656
37.2489013672 3.71781563759 13.1894209124
37.5234433390 3.66765989244 13.0158408174
37.6888999939 3.63743281364 12.9112302849
37.8375105565 3.60796584028 12.8164566051
37.9670905463 3.58227230920 12.7296869781
38.1366767883 3.54864621162 12.6161282797
38.4183607665 3.48855013078 12.4261510094
38.5922279358 3.45145630836 12.3088890677
38.8773479722 3.38647634452 12.1152683684
38.8794144760 3.38600538029 12.1138650370
39.0555534363 3.34586262703 11.9593987637
39.3431203239 3.27627817196 11.7057280718
39.5266609192 3.23186564445 11.5438218447
39.8165573880 3.15776912103 11.2866454185
40.0055427551 3.10946512222 11.1189904569
40.2976611081 3.03094979974 10.8584279934
40.4922027588 2.97866106033 10.6849015743
40.7864291847 2.89582184314 10.4210782214
40.9396321746 2.85268766265 10.2837060382
40.9866371155 2.83945345879 10.2403079853
41.1049119521 2.80468992193 10.1306134488
41.2821952497 2.75258251996 9.91371396425
41.4778097621 2.69508717684 9.67438692406
41.4888496399 2.69184231758 9.66073713178
41.7844541753 2.60141194705 9.29365164082
41.9988403320 2.53582763672 9.02742417085
42.2942576815 2.44201758316 8.65902247116
42.5166091919 2.37140965462 8.38173789558
42.8116279657 2.27439448532 8.01233201343
42.9393667699 2.23238833921 7.85238468176
43.0421524048 2.19858789444 7.68238690846
43.3347403657 2.09916515777 7.19671723620
43.3412602030 2.09694968703 7.18589489329
43.5754737854 2.01736283302 6.77880188766
43.8642550019 1.91615853752 6.27530377753
44.1165695190 1.82773411274 5.83538637537
44.2869669220 1.76625564224 5.53740002751
44.4000400297 1.72545947046 5.24115420410
44.6654472351 1.62970197201 4.54580074961
44.7508602127 1.59802637583 4.32140031609
44.9387561742 1.52834473301 3.82350318837
45.1386496821 1.45421377294 3.29381429765
45.2220993042 1.42326629162 2.84946171152
45.3723522690 1.36607508209 2.04719869183
45.4747286700 1.32710726399 1.57703318034
45.5869842099 1.28437912144 1.06149754146
45.6350439569 1.26608600445 0.18240830356
45.6438260910 1.26274323600 1.7763568394e-15
CURVE 4
47.4870033477 13.7242669684 0.0
47.4740819397 13.7457968600 0.15616801517
47.4344940186 13.8117589951 0.634627260331
47.4135250091 13.8476157132 0.889065136156
47.3424257159 13.9691945279 1.75178367236
47.2984275818 14.0444307327 2.28565685324
47.2816816436 14.0738487219 2.48971044539
47.2130971639 14.1943327137 2.86606974955
47.1668052673 14.2756547928 3.12009786257
47.1382582194 14.3272344196 3.27739118704
47.0864405945 14.4208599941 3.54491840418
47.0396347046 14.5054302216 3.78657072775
46.9639468968 14.6462444332 4.17944912126
46.9169082642 14.7337579727 4.42361608733
46.8457127002 14.8703186967 4.79531232693
46.7986259460 14.9606361389 5.04114182062
46.7741832035 15.0090426396 5.16954446873
46.7314486150 15.0936743820 5.29773088047
46.6847953796 15.1860666275 5.43767164136
46.6210221133 15.3166505914 5.63010969147
46.5754089355 15.4100494385 5.76774904235
46.5149546176 15.5382445667 5.95134822256
46.4704666138 15.6325826645 6.08645786082
46.4132531723 15.7584558193 6.26142893605
46.3737915401 15.8452738819 6.38211114017
46.3699760437 15.8536682129 6.39519309687
46.3159780342 15.9771496806 6.58234308859
46.2739295959 16.0733051300 6.72807743958
46.2231008256 16.1943750995 6.90631947063
46.1823272705 16.2914943695 7.04930072355
46.1345881684 16.4102194227 7.21886103976
46.0951766968 16.5082340240 7.35884317793
46.0504400743 16.6246819130 7.51996745039
46.0124664307 16.7235260010 7.65673404955
46.0000348031 16.7574958855 7.70219960521
45.9705693872 16.8380112296 7.76769236801
45.9342079163 16.9373703003 7.84851298828
45.8949447463 17.0503467747 7.93716559185
45.8603935242 17.1497650146 8.01517905319
45.8237288994 17.2612640662 8.09942240444
45.7910270691 17.3607120514 8.17456054620
45.7569248944 17.4707626025 8.25445793323
45.7261085510 17.5702095032 8.32665700381
45.6945320337 17.6788420446 8.40227318332
45.6656341553 17.7782592773 8.47147483528
45.6365517795 17.8855028895 8.54286599630
45.6096076965 17.9848613739 8.60900809485
45.5983601893 18.0295985189 8.63741086800
45.5829972747 18.0907047645 8.68326015951
45.5580291748 18.1900157928 8.75777529698
45.5338775003 18.2943941852 8.83283528609
45.5108947754 18.3937206268 8.90426234541
45.4891681938 18.4966646263 8.97502923278
45.4682083130 18.5959758759 9.04329885561
45.4488706165 18.6975175899 9.10984057307
45.4299659729 18.7967853546 9.17489213945
45.4129861709 18.8969525782 9.23726694271
45.3961715698 18.9961452484 9.29903488507
45.3815180712 19.0949673152 9.35730251743
45.3668251038 19.1940555573 9.41572709246
45.3544676673 19.2915632469 9.46994571237
45.3419265747 19.3905200958 9.52497012945
45.3315635395 19.4893216450 9.57654501880
45.3214721680 19.5855331421 9.62676788834
45.3133173757 19.6841495739 9.67483552321
45.3054656982 19.7791004181 9.72111647683
45.2995435383 19.8775018628 9.76562814333
45.2939033508 19.9712181091 9.80802047113
45.2902407397 20.0693780517 9.84892472074
45.2867889404 20.1618881226 9.88747461113
45.2854381940 20.2577408741 9.92394923179
45.2854130475 20.2595253428 9.92455304493
45.2854094837 20.2597782431 9.92466860954
45.2853785267 20.2619750376 9.92567245049
45.2841224670 20.3511085510 9.94994864673
45.2850474511 20.4486052360 9.97408489718
45.2859039307 20.5388813019 9.99643361330
45.2891479174 20.6359703274 10.0180260111
45.2921295166 20.7252063751 10.0378719229
45.2977105300 20.8218757912 10.0568984348
45.3028030396 20.9100837708 10.0742595636
45.3107346457 21.0063207922 10.0907026298
45.3179206848 21.0935115814 10.1056000561
45.3282199687 21.1893045604 10.1194387088
45.3374862671 21.2754898071 10.1318893885
45.3501678427 21.3708282611 10.1431055586
45.3614997864 21.4560203552 10.1531280520
45.3765757706 21.5508929583 10.1617060796
45.3899574280 21.6351032257 10.1693200586
45.4074434987 21.7294988166 10.1752405810
45.4228630066 21.8127384186 10.1804613962
45.4427723471 21.9066449545 10.1837074473
45.4602165222 21.9889240265 10.1865515738
45.4825618413 22.0823316608 10.1871072520
45.5020179749 22.1636619568 10.1875910825
45.5268094601 22.2565589629 10.1854426535
45.5482635498 22.3369503021 10.1835834431
45.5755129520 22.4293271700 10.1787160996
45.5989532471 22.5087909698 10.1745291466
45.6128627690 22.5517728841 10.1709701337
45.6286826100 22.6006578891 10.1712791112
45.6540946960 22.6791839600 10.1717754350
45.6863296595 22.7705799872 10.1695857891
45.7136802673 22.8481273651 10.1677279261
45.7484347538 22.9390429068 10.1627502017
45.7507137305 22.9450045660 10.1624237944
45.7777099609 23.015625 10.1549353394
45.8149855216 23.1060066068 10.1423418409
45.8461914063 23.1816711426 10.1317989743
45.8859936189 23.2715077160 10.1162428179
45.9191169739 23.3462696075 10.1032970027
45.9614555200 23.4355496234 10.0847638534
45.9964866638 23.5094203949 10.0694294247
46.0413748032 23.5981324927 10.0479010475
46.0783081055 23.6711235046 10.0301878146
46.1257501487 23.7592554811 10.0056555911
46.1645736694 23.8313770294 9.98557999517
46.2145775133 23.9189189791 9.95803207290
46.2552833557 23.9901828766 9.93560656928
46.3078605128 24.0771229764 9.90502649656
46.3504447937 24.1475391388 9.88025850834
46.4055977595 24.2338689180 9.84664085133
46.4500503540 24.3034496307 9.81954544394
46.5077852517 24.3891555581 9.78287916271
46.5346220335 24.4289940503 9.76583565824
46.5541000366 24.4579086304 9.7466505042
46.6143399714 24.5428614885 9.68499302839
46.6626014709 24.6109218597 9.63559585931
46.6992225969 24.6600660576 9.59681390564
46.7252787337 24.6950324303 9.56287445708
46.7755432129 24.7624855042 9.49740240627
46.8191966136 24.8183062229 9.43925187549
46.8405892783 24.8456615698 9.41471284786
46.8929367065 24.9125995636 9.35466633159
46.9603805348 24.9948956466 9.27486723745
47.0147743225 25.0612678528 9.21050886544
47.0845932779 25.1426600302 9.12555256933
47.1410598755 25.2084865570 9.05684353516
47.2132270827 25.2889536985 8.96676903527
47.2717933655 25.3542556763 8.89367034077
47.3462777659 25.4337784305 8.79852583436
47.4069709778 25.4985771179 8.72099784646
47.4837436088 25.5771357687 8.62082724653
47.5465965271 25.6414508820 8.53881866542
47.6256242129 25.7190264068 8.43367447192
47.6906700134 25.7828769684 8.34713279763
47.7211506608 25.8116047026 8.30584281121
47.7718631070 25.8594007240 8.22441509543
47.8391876221 25.9228534698 8.11631379307
47.9224023634 25.9982144944 7.98095098266
47.9921531677 26.0613822937 7.86748953648
48.0773351860 26.1355625292 7.72723984802
48.1495628357 26.1984615326 7.60831914651
48.2366595061 26.2714457917 7.46328667185
48.3114204407 26.3340930939 7.33879553686
48.3456029038 26.3616732671 7.28126961622
48.4000210439 26.4055806275 7.11266672569
48.4777259827 26.4682769775 6.87191470283
48.5669953161 26.5376700139 6.59253559106
48.6133872651 26.5737325460 6.44734640900
48.6484794617 26.6010112762 6.32191158968
48.7379888102 26.6680862809 5.99935155771
48.8236770630 26.7322978973 5.69056140336
48.9131386549 26.7969563280 5.36568815296
49.0033226013 26.8621368408 5.03819172482
49.0925351951 26.9243562379 4.71186443764
49.1413943840 26.9584320241 4.53314430519
49.1874122620 26.9905261993 4.20096479267
49.2103537462 27.0059726175 4.03421183959
49.2734636733 27.0484643026 3.52176042276
49.3759498596 27.1174678802 2.68957452412
49.4569749399 27.1701558041 2.02761741473
49.5026789886 27.1998756319 1.65422537554
49.5185491153 27.2101954492 1.28213047756
49.5623375581 27.2386696221 0.0
CURVE 5
51.8899241838 41.4788151464 -8.881784197e-16
51.8853097550 41.4795408606 0.269508804313
51.8762170815 41.4809708712 0.800572478497
51.8652609201 41.4826939537 1.44047441515
51.7902946472 41.4944839478 2.26888802184
51.7589434109 41.4998242416 2.61510266940
51.6423741421 41.5196803693 3.93644461220
51.6115405223 41.5249324936 4.28595143702
51.5360450745 41.5377922058 4.66728128450
51.3994686820 41.5628923947 5.35658588888
51.3546265276 41.5711335448 5.58290540796
51.2855529785 41.5838279724 5.94542692567
51.1588963872 41.6088592986 6.60955071273
51.0652953229 41.6273578129 7.10034785709
51.0388145447 41.6325912476 7.17457643957
50.9194260691 41.6578915952 7.50886615289
50.7958374023 41.6840820313 7.85491647116
50.6819772399 41.7098876234 8.17336348933
50.5692307675 41.7354408056 8.48869571050
50.5566139221 41.7383003235 8.52477546121
50.4481671766 41.7645287400 8.83449500028
50.3211441040 41.7952499390 9.19726778159
50.2179923789 41.8218147942 9.49147277817
50.1507970753 41.8391197254 9.68312438698
50.0894317627 41.8549232483 9.77578244397
49.9900421534 41.8821324761 9.92557782745
49.8614807129 41.9173278809 10.1193396344
49.7651943868 41.9452997852 10.2641809129
49.6372795105 41.9824600220 10.4566002829
49.5440355675 42.0111639952 10.5965873648
49.4168395996 42.0503196716 10.7875466032
49.3265697787 42.0797257376 10.9227907285
49.2001533508 42.1209068298 11.1121904528
49.1383384308 42.1421906621 11.2046057719
49.1127905580 42.1509871895 11.2420398560
48.9872245789 42.1942214966 11.4260257190
48.9026719990 42.2249607401 11.5496709424
48.7780494690 42.2702674866 11.7319123426
48.7076017629 42.2972819473 11.8347194328
48.6962034226 42.3016528493 11.8432661334
48.5726356506 42.3490371704 11.9359196878
48.4926627356 42.3813582458 11.9956742119
48.3709754944 42.4305381775 12.0865970347
48.2928629910 42.4637826662 12.1447480278
48.1730690002 42.5147666931 12.2339288789
48.0968070816 42.5489237732 12.2904855686
47.9789237976 42.6017227173 12.3779091272
47.9044965564 42.6367830031 12.4328854141
47.7885322571 42.6914100647 12.5185433868
47.7159282186 42.7273596371 12.5719502091
47.6018981934 42.7838211060 12.6558295831
47.5311028362 42.8206519398 12.7076795614
47.4252775828 42.8757068540 12.7851851677
47.4190177917 42.8789634705 12.7889808068
47.3499709432 42.9166888863 12.8302229237
47.2398986816 42.9768295288 12.8959697779
47.1725175010 43.0154823559 12.9355808646
47.0645332336 43.0774269104 12.9990611144
46.9988068377 43.1169997906 13.0370522774
46.8929214478 43.1807518005 13.0982561370
46.8288419700 43.2212389158 13.1346355771
46.7250709534 43.2868041992 13.1935488457
46.6758706213 43.3194202782 13.2209513734
46.6626061778 43.3282135956 13.2243264085
46.5609741211 43.3955879211 13.2501858994
46.4999117052 43.4380535540 13.2651912261
46.4006347656 43.5070953369 13.2895872951
46.3409800318 43.5506170752 13.3037020059
46.2440490723 43.6213340759 13.3266365220
46.1858098463 43.6659071520 13.3398585131
46.0912208557 43.7383003235 13.3613329536
46.0344031158 43.7839211389 13.3736606064
45.9421501160 43.8579940796 13.3936765899
45.8867594471 43.9046587515 13.4051085316
45.7968368530 43.9804153442 13.4236674310
45.7428769955 44.0281197029 13.4342031622
45.6552772522 44.1055641174 13.4513071242
45.6027559129 44.1543051649 13.4609441190
45.5174789429 44.2334442139 13.4765913536
45.4663961674 44.2832143045 13.4853316387
45.3834304810 44.3640480042 13.4995271037
45.3337946483 44.4148450194 13.5073676274
45.2531433105 44.4973831177 13.5201073900
45.2049551358 44.5492002964 13.5270496531
45.1741771847 44.5822961046 13.5314837002
45.1266098022 44.6334457397 13.5330481570
45.0798368894 44.6863194041 13.5337061068
45.0038337708 44.7722358704 13.5347752350
44.9584694303 44.8261758159 13.5345055919
44.8931703454 44.9038189394 13.5341174578
44.8848152161 44.9137535095 13.5332856284
44.8408471565 44.9687776095 13.5279512864
44.7695503235 45.0580024719 13.5193013326
44.7006363692 45.1488346991 13.5093402207
44.6580429077 45.2049751282 13.5031835832
44.5914920733 45.2974385193 13.4919092397
44.5502929688 45.3546791077 13.4849297200
44.4860957826 45.4487754821 13.4723444943
44.4462966919 45.5071105957 13.4645422748
44.3844512153 45.6028444561 13.4506452079
44.3460617065 45.6622695923 13.4420188442
44.2865546903 45.7596457791 13.4268124221
44.2495765686 45.8201560974 13.4173630334
44.1924093391 45.9191797955 13.4008450304
44.1568527222 45.9807701111 13.3905712371
44.1429169018 46.0063556631 13.3860403101
44.1020173593 46.0814454203 13.3719286211
44.0678825378 46.1441154480 13.3601509836
44.0153787048 46.2464389268 13.3399273173
43.9826698303 46.3101844788 13.3273283636
43.9324927895 46.4141667790 13.3057987075
43.9012145996 46.4789848328 13.2923780541
43.8533600779 46.5846298920 13.2695423234
43.8235168457 46.6505126953 13.2553014117
43.7779786823 46.7578271457 13.2311591443
43.7495727539 46.8247680664 13.2160996103
43.7063499514 46.9337588769 13.1906486352
43.6793861389 47.0017509460 13.1747714760
43.6384734668 47.1124277704 13.1480099704
43.6129531860 47.1814651489 13.1313168263
43.5743529229 47.2938309401 13.1032430390
43.5502815247 47.3639030457 13.0857360259
43.5139870217 47.4779704764 13.0563474972
43.4913635254 47.5490722656 13.0380287102
43.4573732918 47.6648473121 13.007323774
43.4361991882 47.7369689941 12.9881962356
43.4045169002 47.8544603198 12.9561706798
43.3847961426 47.9275932312 12.9362362539
43.3554165404 48.0468098286 12.9028885000
43.3371467590 48.1209449768 12.8821511133
43.3148031116 48.2207612310 12.8535360578
43.3100724107 48.2418947924 12.8472254819
43.2932548523 48.3170242310 12.8247914959
43.2684858829 48.4397085473 12.7875334143
43.2531166077 48.5158348083 12.7644145795
43.2455302778 48.5578651126 12.7514420530
43.2372568258 48.6037022575 12.7344810758
43.2306615475 48.6402418701 12.7223697006
43.2268155838 48.6615495412 12.7153070860
43.2167396545 48.7173728943 12.6801839991
43.1966449854 48.8431901480 12.5998604066
43.1841163635 48.9216346741 12.5497802628
43.1663773085 49.0488223863 12.4674381534
43.1552467346 49.1286277771 12.4157716511
43.1398566742 49.2571775707 12.3314199077
43.1301383972 49.3383522034 12.2781547751
43.1170813356 49.4682510734 12.1918097280
43.1087837219 49.5508003235 12.1369384356
43.0980506728 49.6820422708 12.0486083324
43.0911865234 49.7659759521 11.9921182323
43.0827638365 49.8985549394 11.9018134190
43.0773429871 49.9838829041 11.8436931536
43.0712216528 50.1177882475 11.7514252109
43.0681600659 50.1847610410 11.7052773745
43.0672569275 50.2045173645 11.6931913684
43.0634234600 50.3398140414 11.6093835717
43.0609283447 50.4278755188 11.5548350154
43.0593735485 50.5645983916 11.4691185586
43.0583572388 50.6539688110 11.4130890476
43.0590734563 50.7921066813 11.3254743930
43.0595436096 50.8827857971 11.2679606974
43.0625209479 51.0223367469 11.1784534305
43.0644836426 51.1143302917 11.1194492404
43.0697145787 51.2552924289 11.0280538828
43.0731773376 51.3486061096 10.9675522659
43.0806589954 51.4909707145 10.8742755995
43.0856323242 51.5856056213 10.8122712225
43.0913379850 51.6699940760 10.7564184746
43.0953378471 51.7291532519 10.6847975104
43.1018409729 51.8253364563 10.5683534637
43.1091962452 51.9146550944 10.4590396029
43.1137059552 51.9694186903 10.3993809709
43.1218070984 52.0677947998 10.2922115269
43.1358125168 52.2125422287 10.1327262542
43.1455307007 52.3129806519 10.0220614263
43.1616431576 52.4583573805 9.86011725475
43.1701372241 52.5349961948 9.77474451730
43.1730079651 52.5608978271 9.74233074345
43.1911773141 52.7066964236 9.55847509898
43.2042427063 52.8115386963 9.42626639418
43.2244211518 52.9576470959 9.24064707661
43.2392349243 53.0649108887 9.10437680013
43.2613799404 53.2112812253 8.91707964480
43.2779808044 53.3210067749 8.77667357770
43.2882405094 53.3834783695 8.69617114020
43.3020626965 53.4676420056 8.59356627055
43.3204879761 53.5798339844 8.45679172157
43.3434541102 53.7096825028 8.29736480669
43.3464576330 53.7266641589 8.26105998037
43.3667488098 53.8413887024 8.01579211032
43.3942516790 53.9867190572 7.70275305355
43.4167633057 54.1056747437 7.44652457389
43.4457077794 54.2493910266 7.13468961071
43.4705390930 54.3726844788 6.86716801642
43.5008232702 54.5146773284 6.55687834175
43.5012772575 54.5168059302 6.55222681758
43.5280685425 54.6424217224 6.29407034526
43.5596521126 54.7828442608 6.00342561064
43.5893516541 54.9148902893 5.73011846657
43.6091365552 54.9985981393 5.55565503479
43.6219645759 55.0528721552 5.34314434294
43.6543960571 55.1900863647 4.80588012605
43.6871563201 55.3224280181 4.28400766565
43.6964761012 55.3600771432 4.13554313420
43.7231941223 55.4680099487 3.72172614993
43.7559374029 55.5946637812 3.23273977253
43.7894258473 55.7241999720 2.73262515761
43.7957496643 55.7486610413 2.52170926589
43.8268566729 55.8641802548 1.51864254970
43.8271360179 55.8652176323 1.50963488116
43.8453813338 55.9329735703 0.881403180961
43.8709793408 56.0280345155 3.5527136788e-15
